4	0.10477782979607683
6	0.0973366881823024
6	0.09682998898940481
6	0.0939527256629669
6	0.0939527256629669
6	0.0934984915573404
4	0.09305100366818048
4	0.09174737048053264
4	0.09174737048053264
6	0.09090909090909091
6	0.09049875621120891
9	0.09049875621120891
6	0.09049875621120891
4	0.09009410830061464
0	0.09009410830061464
9	0.08969501534404137
6	0.08969501534404137
6	0.08930134977850068
9	0.08852981086654285
6	0.08815170219611887
9	0.0877785499571333
6	0.0877785499571333
7	0.08741024545287546
7	0.08704668331836253
9	0.08633338057890416
1	0.08633338057890416
6	0.08598344475655936
7	0.085296537673365
4	0.085296537673365
9	0.08495938795016529
7	0.08462632608958592
1	0.08462632608958592
1	0.08462632608958592
9	0.0842972691555574
8	0.0842972691555574
9	0.0842972691555574
4	0.0842972691555574
9	0.08397213656470945
6	0.08397213656470945
6	0.08397213656470945
7	0.08365085000086825
7	0.08365085000086825
7	0.08365085000086825
1	0.08333333333333333
1	0.08301951253873768
6	0.08301951253873768
9	0.08301951253873768
1	0.08301951253873768
8	0.08270931562630669
9	0.08270931562630669
6	0.08270931562630669
6	0.08270931562630669
2	0.08240267256634183
4	0.08240267256634183
4	0.08209951522176571
9	0.08209951522176571
1	0.08179977728257459
8	0.08179977728257459
5	0.08179977728257459
4	0.08179977728257459
4	0.08179977728257459
2	0.08179977728257459
9	0.08179977728257459
1	0.08179977728257459
1	0.08150339420305275
2	0.08150339420305275
1	0.08150339420305275
9	0.08121030314161228
1	0.08121030314161228
9	0.08121030314161228
4	0.08092044290312927
7	0.08092044290312927
5	0.08092044290312927
7	0.08063375388365411
7	0.08063375388365411
4	0.08063375388365411
6	0.08063375388365411
2	0.08035017801738151
1	0.08035017801738151
7	0.08035017801738151
1	0.08035017801738151
8	0.08035017801738151
4	0.08006965872577143
1	0.08006965872577143
1	0.07979214086871815
8	0.07951757069767086
6	0.07951757069767086
5	0.07951757069767086
5	0.07924589581061381
5	0.07924589581061381
7	0.07924589581061381
8	0.07924589581061381
7	0.07924589581061381
1	0.07924589581061381
2	0.07897706510881926
5	0.07871102875529136
1	0.07871102875529136
9	0.07871102875529136
9	0.07844773813482285
2	0.0779292055122247
9	0.0779292055122247
8	0.07767387205027083
7	0.07767387205027083
7	0.07767387205027083
3	0.07767387205027083
4	0.07742110133200698
9	0.07742110133200698
8	0.07742110133200698
2	0.07742110133200698
2	0.07717085030353096
7	0.07717085030353096
7	0.07692307692307693
3	0.07692307692307693
9	0.07692307692307693
2	0.07692307692307693
3	0.07692307692307693
4	0.07667774013050205
1	0.07667774013050205
7	0.07667774013050205
0	0.0764347998178936
5	0.0764347998178936
8	0.0764347998178936
8	0.0764347998178936
2	0.0764347998178936
3	0.0764347998178936
2	0.07619421680124755
4	0.07619421680124755
3	0.07619421680124755
8	0.07619421680124755
1	0.07595595279317306
7	0.07571997037657908
7	0.07571997037657908
3	0.07571997037657908
2	0.07548623297930128
5	0.07548623297930128
8	0.07548623297930128
5	0.07548623297930128
4	0.07525470484963005
8	0.07525470484963005
2	0.07525470484963005
3	0.07502535103270168
0	0.07502535103270168
8	0.074798137347717
5	0.074798137347717
2	0.074798137347717
3	0.07457303036595331
3	0.07434999738953722
0	0.07391002619321582
8	0.07369302605080595
8	0.07369302605080595
5	0.0734779760311297
5	0.0734779760311297
4	0.0734779760311297
8	0.0734779760311297
1	0.0734779760311297
3	0.07326484679668878
3	0.07326484679668878
8	0.07284423640594942
3	0.07284423640594942
5	0.07284423640594942
0	0.07263669959755374
3	0.07263669959755374
3	0.07243097223843986
2	0.0722270279186898
5	0.0722270279186898
3	0.07182438544168726
8	0.07182438544168726
4	0.07182438544168726
0	0.07162563710668096
0	0.07142857142857142
2	0.07142857142857142
0	0.07123316455861123
5	0.071039393121306
0	0.071039393121306
0	0.07084723420236258
5	0.0704676644986874
3	0.0704676644986874
5	0.0704676644986874
2	0.06972691561653295
2	0.06972691561653295
2	0.06954543910258232
5	0.06954543910258232
3	0.06936540706703205
8	0.06918680026152062
3	0.06883378713444331
5	0.06848625276486654
5	0.0681440555439642
2	0.06747513137413291
3	0.0671481457783844
3	0.06619563626093881
0	0.06558320222165845
0	0.06558320222165845
0	0.06513512241174305
0	0.06469630910962
0	0.06426644444815657
0	0.06398468938182063
0	0.06384522569446346
0	0.06316163001913848
0	0.062113078724852416
0	0.06136076626943499
